romanz/data/specz_completeness_map_extantdata.ecsv
# %ECSV 0.9
# Spectroscopic redshift completeness (or efficiency) as a function of magnitude
# based on the extant specz survey data in the COSMOS field. 
# ---
# delimiter: ','
# datatype: [
#   { name: binlabel, datatype: string  },
#   { name: mag,      datatype: float64, unit: mag  },
#   { name: fracwithspecz_g,    datatype: float64  },
#   { name: fracwithspecz_r,    datatype: float64  },
#   { name: fracwithspecz_i,    datatype: float64  },
#   { name: fracwithspecz_z,    datatype: float64  },
#   { name: fracwithspecz_y,    datatype: float64  },
# ]
binlabel,mag,efficiency_g,efficiency_r,efficiency_i,efficiency_z,efficiency_y
"(14.0, 14.2]",14.0,NaN,NaN,NaN,NaN,1.0
"(14.2, 14.4]",14.2,NaN,NaN,NaN,1.0,1.0
"(14.4, 14.6]",14.399999999999999,NaN,NaN,NaN,1.0,0.5
"(14.6, 14.8]",14.599999999999998,NaN,NaN,1.0,1.0,1.0
"(14.8, 15.0]",14.799999999999997,NaN,1.0,1.0,0.8,1.0
"(15.0, 15.2]",14.999999999999996,NaN,1.0,1.0,1.0,1.0
"(15.2, 15.4]",15.199999999999996,NaN,1.0,0.6666666666666666,1.0,0.8461538461538461
"(15.4, 15.6]",15.399999999999995,NaN,1.0,1.0,1.0,0.7272727272727273
"(15.6, 15.8]",15.599999999999994,1.0,0.75,1.0,0.6666666666666666,1.0555555555555556
"(15.8, 16.0]",15.799999999999994,NaN,1.0,0.9,1.0434782608695652,0.8421052631578947
"(16.0, 16.2]",15.999999999999993,1.0,1.0,0.8666666666666667,0.8421052631578947,0.8571428571428571
"(16.2, 16.4]",16.199999999999992,0.75,0.8125,0.9629629629629629,0.8529411764705882,0.8857142857142857
"(16.4, 16.6]",16.39999999999999,1.0,0.6666666666666666,0.85,0.918918918918919,0.8723404255319149
"(16.6, 16.8]",16.59999999999999,0.8333333333333334,0.9642857142857143,0.8285714285714286,0.803921568627451,0.6666666666666666
"(16.8, 17.0]",16.79999999999999,1.0,0.8823529411764706,0.9565217391304348,0.684931506849315,0.5333333333333333
"(17.0, 17.2]",16.99999999999999,0.6153846153846154,0.8125,0.7543859649122807,0.5287356321839081,0.35714285714285715
"(17.2, 17.4]",17.19999999999999,0.9285714285714286,0.8979591836734694,0.5875,0.3697478991596639,0.3063063063063063
"(17.4, 17.6]",17.399999999999988,0.75,0.7647058823529411,0.45454545454545453,0.37168141592920356,0.358695652173913
"(17.6, 17.8]",17.599999999999987,1.0,0.6527777777777778,0.2905982905982906,0.328125,0.19555555555555557
"(17.8, 18.0]",17.799999999999986,0.7105263157894737,0.415929203539823,0.363013698630137,0.24152542372881355,0.2546419098143236
"(18.0, 18.2]",17.999999999999986,0.6923076923076923,0.31092436974789917,0.32460732984293195,0.24068767908309455,0.21611001964636542
"(18.2, 18.4]",18.199999999999985,0.5964912280701754,0.2907801418439716,0.25301204819277107,0.23553719008264462,0.17374005305039789
"(18.4, 18.6]",18.399999999999984,0.5972222222222222,0.2823529411764706,0.29295774647887324,0.1694915254237288,0.15830546265328874
"(18.6, 18.8]",18.599999999999984,0.358695652173913,0.2459016393442623,0.2222222222222222,0.1838955386289445,0.17299205648720212
"(18.8, 19.0]",18.799999999999983,0.2733812949640288,0.2485207100591716,0.1686046511627907,0.17740511915269197,0.18479880774962743
"(19.0, 19.2]",18.999999999999982,0.22905027932960895,0.2266949152542373,0.16983016983016982,0.18640350877192982,0.17541766109785203
"(19.2, 19.4]",19.19999999999998,0.234375,0.21496815286624205,0.19063270336894,0.18466257668711655,0.1787930062041737
"(19.4, 19.6]",19.39999999999998,0.21518987341772153,0.19872611464968154,0.19137091162143355,0.19405496354458776,0.18614130434782608
"(19.6, 19.8]",19.59999999999998,0.14285714285714285,0.21084953940634596,0.19405700424499697,0.19398778769375294,0.18884615384615386
"(19.8, 20.0]",19.79999999999998,0.1791907514450867,0.17577197149643706,0.18109054527263632,0.1992063492063492,0.18703506907545164
"(20.0, 20.2]",19.99999999999998,0.16842105263157894,0.18839590443686008,0.19636363636363635,0.18797776233495483,0.19959677419354838
"(20.2, 20.4]",20.199999999999978,0.17668711656441718,0.19011627906976744,0.18779342723004694,0.20005945303210465,0.19650872817955112
"(20.4, 20.6]",20.399999999999977,0.16497975708502025,0.19435136428913355,0.18942875902823375,0.20712861415752742,0.20708613317043373
"(20.6, 20.8]",20.599999999999977,0.16134060795011693,0.1766347687400319,0.1927645788336933,0.22368972746331237,0.21004956417706375
"(20.8, 21.0]",20.799999999999976,0.15324165029469547,0.18269562219924165,0.2084458630002455,0.22005420054200542,0.20138989431012017
"(21.0, 21.2]",20.999999999999975,0.1581196581196581,0.17708636231462635,0.21717069210472906,0.21720229777984784,0.1971639950678175
"(21.2, 21.4]",21.199999999999974,0.1590808661069377,0.1756922322960059,0.19840720221606647,0.21442885771543085,0.18514997887621462
"(21.4, 21.6]",21.399999999999974,0.15466568699485672,0.16931326046607548,0.20821878165243815,0.21081382385730213,0.17558847587021723
"(21.6, 21.8]",21.599999999999973,0.15719167443305374,0.17396593673965938,0.20500062196790644,0.19305633539210182,0.17257440593668588
"(21.8, 22.0]",21.799999999999972,0.15120274914089346,0.1717111177704525,0.1942880967271211,0.1768860353130016,0.146262930739193
"(22.0, 22.2]",21.99999999999997,0.14294541709577754,0.16996805111821087,0.1936653985667522,0.15313241244593276,0.12116051335076942
"(22.2, 22.4]",22.19999999999997,0.15178268251273344,0.16802344513187886,0.17123287671232876,0.12022224935889608,0.08837727441515039
"(22.4, 22.6]",22.39999999999997,0.1548277328796257,0.16429374297489696,0.1440293529019346,0.08565630673929296,0.06829615567157095
"(22.6, 22.8]",22.59999999999997,0.1482999758861828,0.15113591072140295,0.10705610179294389,0.06763355088228185,0.05075203764389547
"(22.8, 23.0]",22.79999999999997,0.14764483498518444,0.14002922811212967,0.08217842110666256,0.048922125668449196,0.03410018552875696
"(23.0, 23.2]",22.999999999999968,0.14573077575963334,0.11809298193663015,0.06824939183710244,0.026483643552538325,0.020942754269481056
"(23.2, 23.4]",23.199999999999967,0.13521723772518546,0.09493575963605459,0.039331135186057464,0.018563817310592097,0.014366113744075829
"(23.4, 23.6]",23.399999999999967,0.12195701223132645,0.07378615478155129,0.02155379855620488,0.01450820157517617,0.012010652463382157
"(23.6, 23.8]",23.599999999999966,0.09758897818599312,0.051669053652087696,0.015713981179766728,0.011207214809345499,0.009106771518034277
"(23.8, 24.0]",23.799999999999965,0.07529233616555901,0.03580164554147209,0.01284482067989425,0.008949655237555493,0.007381805768902543
"(24.0, 24.2]",23.999999999999964,0.05975009734168702,0.02472731269060637,0.01016739290901731,0.0063964534515516145,0.0051197517696111704
"(24.2, 24.4]",24.199999999999964,0.042730416478725004,0.017369487600115797,0.0069437204162061845,0.0047417733089579524,0.0032672923183872087
"(24.4, 24.6]",24.399999999999963,0.03369918070799196,0.012290268456375838,0.005230461300251138,0.0035175269879225797,0.0022226425801570035
"(24.6, 24.8]",24.599999999999962,0.02302286314060147,0.008269266829176823,0.0036829272451363196,0.00208362930340484,0.0013558838221651324
"(24.8, 25.0]",24.79999999999996,0.018087130696044066,0.00558967750573193,0.002661702258600529,0.00119953732131892,0.0007435429167753718
"(25.0, 25.2]",24.99999999999996,0.012922802320392682,0.003901861354872013,0.0018761990745965467,0.0007869265272932351,0.0006634899571747392
"(25.2, 25.4]",25.19999999999996,0.01004009623095429,0.00237756244557179,0.0011280605050634535,0.0005313496280552603,0.0003888247201033816
"(25.4, 25.6]",25.39999999999996,0.007125650900803439,0.0018753880659426992,0.0009263437923089713,0.0003912363067292645,0.0002512700060086306
"(25.6, 25.8]",25.59999999999996,0.0052791238230311625,0.0016618631461509856,0.0006224474195732413,0.0004203844415718174,0.00026122448979591835
"(25.8, 26.0]",25.799999999999958,0.0037560600969615515,0.0011155879039944545,0.0003476624810830709,0.00021163168025476424,0.0001775449965600657
"(26.0, 26.2]",25.999999999999957,0.0026611079079256663,0.0007611045148719823,0.00038501026694045176,0.00012883405183093007,0.00016308652905270025
"(26.2, 26.4]",26.199999999999957,0.0018821364339788363,0.000655192646195971,0.0002494052643695802,0.00011074085632883994,8.959541271486899e-05
